                  0                   0
   0.166666666666667                   0
   0.083333333333333   0.144337567297406
  -0.083333333333333   0.144337567297406
  -0.166666666666667   0.000000000000000
  -0.083333333333333  -0.144337567297406
   0.083333333333333  -0.144337567297406
   0.333333333333333                   0
   0.288675134594813   0.166666666666667
   0.166666666666667   0.288675134594813
   0.000000000000000   0.333333333333333
  -0.166666666666667   0.288675134594813
  -0.288675134594813   0.166666666666667
  -0.333333333333333   0.000000000000000
  -0.288675134594813  -0.166666666666667
  -0.166666666666667  -0.288675134594813
  -0.000000000000000  -0.333333333333333
   0.166666666666667  -0.288675134594813
   0.288675134594813  -0.166666666666667
   0.500000000000000                   0
   0.472908620850317   0.162349734602342
   0.394570254698197   0.307106356344834
   0.273474079061213   0.418583239131264
   0.122742743570400   0.484700132969665
  -0.041289672736166   0.498292246503335
  -0.200847712326485   0.457886663327529
  -0.338640785812870   0.367861955336566
  -0.439736875603244   0.237973696518537
  -0.493180651701361   0.082297295140367
  -0.493180651701361  -0.082297295140367
  -0.439736875603245  -0.237973696518537
  -0.338640785812871  -0.367861955336566
  -0.200847712326485  -0.457886663327529
  -0.041289672736166  -0.498292246503335
   0.122742743570399  -0.484700132969665
   0.273474079061213  -0.418583239131264
   0.394570254698197  -0.307106356344834
   0.472908620850317  -0.162349734602342
   0.666666666666667                   0
   0.645722107419087   0.165793258109903
   0.584204453362576   0.321169116067810
   0.485979084947608   0.456364737285792
   0.357217863319331   0.562885283668010
   0.206011329583298   0.634037677530102
   0.041860346352876   0.665351152285514
  -0.124920876390483   0.654858167152459
  -0.283852861043382   0.603218034977346
  -0.424949326499126   0.513675495183859
  -0.539344662916632   0.391856834861649
  -0.619850990592168   0.245416368456452
  -0.661409800876319   0.083555489042870
  -0.661409800876319  -0.083555489042870
  -0.619850990592168  -0.245416368456452
  -0.539344662916632  -0.391856834861648
  -0.424949326499126  -0.513675495183860
  -0.283852861043381  -0.603218034977346
  -0.124920876390483  -0.654858167152459
   0.041860346352875  -0.665351152285514
   0.206011329583298  -0.634037677530102
   0.357217863319331  -0.562885283668010
   0.485979084947607  -0.456364737285793
   0.584204453362575  -0.321169116067811
   0.645722107419087  -0.165793258109904
   0.833333333333333                   0
   0.816274951043745   0.167748766740550
   0.765798176350192   0.328629879261099
   0.683969534339397   0.476056845912327
   0.574139099229739   0.603993989357600
   0.440803341939135   0.707203547912292
   0.289421044037350   0.781460110122567
   0.126189814587147   0.823723603606759
  -0.042207640698927   0.832263755975877
  -0.208877110215600   0.806730932388503
  -0.366995126298029   0.748170449642285
  -0.510088318789719   0.658979780781416
  -0.632298435577326   0.542810402268519
  -0.728622180120485   0.404418302109234
  -0.795116047000041   0.249469269144465
  -0.829057769493246   0.084306934989527
  -0.829057769493246  -0.084306934989527
  -0.795116047000041  -0.249469269144465
  -0.728622180120485  -0.404418302109234
  -0.632298435577326  -0.542810402268518
  -0.510088318789719  -0.658979780781416
  -0.366995126298028  -0.748170449642285
  -0.208877110215601  -0.806730932388503
  -0.042207640698928  -0.832263755975877
   0.126189814587147  -0.823723603606759
   0.289421044037350  -0.781460110122567
   0.440803341939135  -0.707203547912292
   0.574139099229739  -0.603993989357600
   0.683969534339397  -0.476056845912327
   0.765798176350192  -0.328629879261099
   0.816274951043745  -0.167748766740551
   1.000000000000000                   0
   0.986361303402722   0.164594590280734
   0.945817241700635   0.324699469204683
   0.879473751206489   0.475947393037074
   0.789140509396393   0.614212712689668
   0.677281571625741   0.735723910673131
   0.546948158122427   0.837166478262528
   0.401695424652969   0.915773326655057
   0.245485487140799   0.969400265939330
   0.082579345472332   0.996584493006670
  -0.082579345472332   0.996584493006670
  -0.245485487140799   0.969400265939330
  -0.401695424652969   0.915773326655057
  -0.546948158122427   0.837166478262528
  -0.677281571625741   0.735723910673132
  -0.789140509396393   0.614212712689668
  -0.879473751206489   0.475947393037074
  -0.945817241700635   0.324699469204683
  -0.986361303402722   0.164594590280734
  -1.000000000000000   0.000000000000000
  -0.986361303402722  -0.164594590280734
  -0.945817241700635  -0.324699469204683
  -0.879473751206489  -0.475947393037073
  -0.789140509396394  -0.614212712689667
  -0.677281571625741  -0.735723910673131
  -0.546948158122427  -0.837166478262528
  -0.401695424652969  -0.915773326655058
  -0.245485487140799  -0.969400265939330
  -0.082579345472333  -0.996584493006670
   0.082579345472332  -0.996584493006670
   0.245485487140799  -0.969400265939330
   0.401695424652969  -0.915773326655058
   0.546948158122426  -0.837166478262529
   0.677281571625741  -0.735723910673131
   0.789140509396394  -0.614212712689667
   0.879473751206489  -0.475947393037074
   0.945817241700635  -0.324699469204684
   0.986361303402722  -0.164594590280734
