                   0                   0
   0.125000000000000                   0
   0.062500000000000   0.108253175473055
  -0.062500000000000   0.108253175473055
  -0.125000000000000   0.000000000000000
  -0.062500000000000  -0.108253175473055
   0.062500000000000  -0.108253175473055
   0.250000000000000                   0
   0.216506350946110   0.125000000000000
   0.125000000000000   0.216506350946110
   0.000000000000000   0.250000000000000
  -0.125000000000000   0.216506350946110
  -0.216506350946110   0.125000000000000
  -0.250000000000000   0.000000000000000
  -0.216506350946110  -0.125000000000000
  -0.125000000000000  -0.216506350946110
  -0.000000000000000  -0.250000000000000
   0.125000000000000  -0.216506350946110
   0.216506350946110  -0.125000000000000
   0.375000000000000                   0
   0.354681465637738   0.121762300951756
   0.295927691023648   0.230329767258625
   0.205105559295910   0.313937429348448
   0.092057057677800   0.363525099727249
  -0.030967254552125   0.373719184877501
  -0.150635784244864   0.343414997495647
  -0.253980589359653   0.275896466502424
  -0.329802656702433   0.178480272388903
  -0.369885488776021   0.061722971355275
  -0.369885488776021  -0.061722971355275
  -0.329802656702433  -0.178480272388902
  -0.253980589359653  -0.275896466502424
  -0.150635784244863  -0.343414997495647
  -0.030967254552125  -0.373719184877501
   0.092057057677800  -0.363525099727249
   0.205105559295910  -0.313937429348448
   0.295927691023648  -0.230329767258625
   0.354681465637738  -0.121762300951756
   0.500000000000000                   0
   0.484291580564316   0.124344943582427
   0.438153340021932   0.240876837050858
   0.364484313710706   0.342273552964344
   0.267913397489498   0.422163962751008
   0.154508497187474   0.475528258147577
   0.031395259764657   0.499013364214136
  -0.093690657292862   0.491143625364344
  -0.212889645782536   0.452413526233010
  -0.318711994874345   0.385256621387895
  -0.404508497187474   0.293892626146237
  -0.464888242944126   0.184062276342339
  -0.496057350657239   0.062666616782152
  -0.496057350657239  -0.062666616782152
  -0.464888242944126  -0.184062276342339
  -0.404508497187474  -0.293892626146236
  -0.318711994874345  -0.385256621387895
  -0.212889645782536  -0.452413526233010
  -0.093690657292862  -0.491143625364344
   0.031395259764656  -0.499013364214136
   0.154508497187474  -0.475528258147577
   0.267913397489498  -0.422163962751007
   0.364484313710706  -0.342273552964344
   0.438153340021932  -0.240876837050858
   0.484291580564315  -0.124344943582428
   0.625000000000000                   0
   0.612206213282809   0.125811575055413
   0.574348632262644   0.246472409445824
   0.512977150754548   0.357042634434245
   0.430604324422304   0.452995492018200
   0.330602506454352   0.530402660934219
   0.217065783028013   0.586095082591925
   0.094642360940360   0.617792702705070
  -0.031655730524195   0.624197816981908
  -0.156657832661700   0.605048199291378
  -0.275246344723521   0.561127837231713
  -0.382566239092289   0.494234835586062
  -0.474223826682994   0.407107801701389
  -0.546466635090364   0.303313726581926
  -0.596337035250031   0.187101951858349
  -0.621793327119934   0.063230201242145
  -0.621793327119935  -0.063230201242145
  -0.596337035250031  -0.187101951858349
  -0.546466635090364  -0.303313726581926
  -0.474223826682994  -0.407107801701389
  -0.382566239092289  -0.494234835586062
  -0.275246344723521  -0.561127837231714
  -0.156657832661701  -0.605048199291378
  -0.031655730524196  -0.624197816981908
   0.094642360940360  -0.617792702705070
   0.217065783028013  -0.586095082591925
   0.330602506454352  -0.530402660934219
   0.430604324422304  -0.452995492018200
   0.512977150754548  -0.357042634434245
   0.574348632262644  -0.246472409445824
   0.612206213282809  -0.125811575055413
   0.750000000000000                   0
   0.739770977552042   0.123445942710550
   0.709362931275476   0.243524601903513
   0.659605313404867   0.356960544777805
   0.591855382047295   0.460659534517251
   0.507961178719306   0.551792933004849
   0.410211118591820   0.627874858696896
   0.301271568489727   0.686829994991293
   0.184114115355599   0.727050199454498
   0.061934509104249   0.747438369755002
  -0.061934509104249   0.747438369755002
  -0.184114115355599   0.727050199454498
  -0.301271568489727   0.686829994991293
  -0.410211118591820   0.627874858696896
  -0.507961178719306   0.551792933004849
  -0.591855382047295   0.460659534517251
  -0.659605313404867   0.356960544777805
  -0.709362931275476   0.243524601903512
  -0.739770977552042   0.123445942710551
  -0.750000000000000   0.000000000000000
  -0.739770977552042  -0.123445942710550
  -0.709362931275476  -0.243524601903513
  -0.659605313404867  -0.356960544777805
  -0.591855382047295  -0.460659534517251
  -0.507961178719306  -0.551792933004849
  -0.410211118591820  -0.627874858696896
  -0.301271568489727  -0.686829994991293
  -0.184114115355599  -0.727050199454498
  -0.061934509104250  -0.747438369755002
   0.061934509104249  -0.747438369755002
   0.184114115355599  -0.727050199454498
   0.301271568489727  -0.686829994991293
   0.410211118591820  -0.627874858696897
   0.507961178719306  -0.551792933004849
   0.591855382047295  -0.460659534517251
   0.659605313404867  -0.356960544777806
   0.709362931275476  -0.243524601903513
   0.739770977552042  -0.123445942710550
   0.875000000000000                   0
   0.866093761645816   0.124525483489124
   0.839556351912685   0.246515987236251
   0.795927995935204   0.363488136376651
   0.736096841227284   0.473060715273648
   0.661280877559976   0.573003142202124
   0.573003142202124   0.661280877559976
   0.473060715273648   0.736096841227283
   0.363488136376651   0.795927995935204
   0.246515987236251   0.839556351912685
   0.124525483489124   0.866093761645816
   0.000000000000000   0.875000000000000
  -0.124525483489124   0.866093761645816
  -0.246515987236251   0.839556351912685
  -0.363488136376651   0.795927995935204
  -0.473060715273648   0.736096841227284
  -0.573003142202124   0.661280877559976
  -0.661280877559976   0.573003142202125
  -0.736096841227283   0.473060715273648
  -0.795927995935203   0.363488136376651
  -0.839556351912685   0.246515987236251
  -0.866093761645816   0.124525483489125
  -0.875000000000000   0.000000000000000
  -0.866093761645816  -0.124525483489124
  -0.839556351912685  -0.246515987236251
  -0.795927995935204  -0.363488136376651
  -0.736096841227284  -0.473060715273648
  -0.661280877559976  -0.573003142202124
  -0.573003142202125  -0.661280877559976
  -0.473060715273648  -0.736096841227284
  -0.363488136376651  -0.795927995935203
  -0.246515987236251  -0.839556351912685
  -0.124525483489125  -0.866093761645816
  -0.000000000000000  -0.875000000000000
   0.124525483489124  -0.866093761645816
   0.246515987236251  -0.839556351912685
   0.363488136376650  -0.795927995935204
   0.473060715273648  -0.736096841227283
   0.573003142202124  -0.661280877559976
   0.661280877559976  -0.573003142202125
   0.736096841227284  -0.473060715273648
   0.795927995935203  -0.363488136376651
   0.839556351912685  -0.246515987236251
   0.866093761645816  -0.124525483489125
   1.000000000000000                   0
   0.992114701314478   0.125333233564304
   0.968583161128631   0.248689887164855
   0.929776485888251   0.368124552684678
   0.876306680043864   0.481753674101715
   0.809016994374947   0.587785252292473
   0.728968627421412   0.684547105928689
   0.637423989748690   0.770513242775789
   0.535826794978997   0.844327925502015
   0.425779291565073   0.904827052466020
   0.309016994374947   0.951056516295154
   0.187381314585725   0.982287250728689
   0.062790519529314   0.998026728428272
  -0.062790519529313   0.998026728428272
  -0.187381314585725   0.982287250728689
  -0.309016994374947   0.951056516295154
  -0.425779291565073   0.904827052466019
  -0.535826794978997   0.844327925502015
  -0.637423989748690   0.770513242775789
  -0.728968627421411   0.684547105928689
  -0.809016994374947   0.587785252292473
  -0.876306680043864   0.481753674101715
  -0.929776485888251   0.368124552684678
  -0.968583161128631   0.248689887164855
  -0.992114701314478   0.125333233564305
  -1.000000000000000   0.000000000000000
  -0.992114701314478  -0.125333233564304
  -0.968583161128631  -0.248689887164855
  -0.929776485888251  -0.368124552684678
  -0.876306680043864  -0.481753674101715
  -0.809016994374948  -0.587785252292473
  -0.728968627421412  -0.684547105928688
  -0.637423989748690  -0.770513242775789
  -0.535826794978996  -0.844327925502015
  -0.425779291565072  -0.904827052466020
  -0.309016994374948  -0.951056516295154
  -0.187381314585725  -0.982287250728689
  -0.062790519529313  -0.998026728428272
   0.062790519529313  -0.998026728428272
   0.187381314585724  -0.982287250728689
   0.309016994374947  -0.951056516295154
   0.425779291565072  -0.904827052466020
   0.535826794978997  -0.844327925502015
   0.637423989748689  -0.770513242775790
   0.728968627421411  -0.684547105928689
   0.809016994374947  -0.587785252292473
   0.876306680043863  -0.481753674101716
   0.929776485888251  -0.368124552684678
   0.968583161128631  -0.248689887164855
   0.992114701314478  -0.125333233564305