                   0                   0
   0.142857142857143                   0
   0.071428571428571   0.123717914826348
  -0.071428571428571   0.123717914826348
  -0.142857142857143   0.000000000000000
  -0.071428571428571  -0.123717914826348
   0.071428571428571  -0.123717914826348
   0.285714285714286                   0
   0.247435829652697   0.142857142857143
   0.142857142857143   0.247435829652697
   0.000000000000000   0.285714285714286
  -0.142857142857143   0.247435829652697
  -0.247435829652697   0.142857142857143
  -0.285714285714286   0.000000000000000
  -0.247435829652697  -0.142857142857143
  -0.142857142857143  -0.247435829652697
  -0.000000000000000  -0.285714285714286
   0.142857142857143  -0.247435829652697
   0.247435829652697  -0.142857142857143
   0.428571428571429                   0
   0.405350246443129   0.139156915373436
   0.338203075455597   0.263234019724143
   0.234406353481040   0.358785633541084
   0.105208065917485   0.415457256831142
  -0.035391148059571   0.427107639860001
  -0.172155181994130   0.392474282852167
  -0.290263530696746   0.315310247431342
  -0.376917321945638   0.203977454158746
  -0.422726272886881   0.070540538691743
  -0.422726272886881  -0.070540538691743
  -0.376917321945638  -0.203977454158746
  -0.290263530696746  -0.315310247431342
  -0.172155181994130  -0.392474282852168
  -0.035391148059571  -0.427107639860001
   0.105208065917485  -0.415457256831142
   0.234406353481040  -0.358785633541084
   0.338203075455597  -0.263234019724143
   0.405350246443129  -0.139156915373436
   0.571428571428571                   0
   0.553476092073503   0.142108506951346
   0.500746674310779   0.275287813772409
   0.416553501383664   0.391169774816393
   0.306186739987998   0.482473100286866
   0.176581139642827   0.543460866454373
   0.035880296873893   0.570300987673298
  -0.107075036906128   0.561307000416393
  -0.243302452322899   0.517044029980583
  -0.364242279856394   0.440293281586165
  -0.462295425357113   0.335877287024270
  -0.531300849079001   0.210356887248387
  -0.566922686465416   0.071618990608174
  -0.566922686465416  -0.071618990608174
  -0.531300849079001  -0.210356887248387
  -0.462295425357113  -0.335877287024270
  -0.364242279856394  -0.440293281586165
  -0.243302452322898  -0.517044029980583
  -0.107075036906128  -0.561307000416393
   0.035880296873893  -0.570300987673298
   0.176581139642827  -0.543460866454374
   0.306186739987998  -0.482473100286866
   0.416553501383664  -0.391169774816394
   0.500746674310779  -0.275287813772409
   0.553476092073503  -0.142108506951346
   0.714285714285714                   0
   0.699664243751782   0.143784657206186
   0.656398436871593   0.281682753652370
   0.586259600862340   0.408048725067709
   0.492119227911205   0.517709133735086
   0.377831435947830   0.606174469639108
   0.248075180603443   0.669822951533629
   0.108162698217555   0.706048803091508
  -0.036177977741938   0.713368933693609
  -0.179037523041943   0.691483656333003
  -0.314567251112596   0.641288956836244
  -0.437218558962616   0.564839812098356
  -0.541970087637708   0.465266059087302
  -0.624533297246130   0.346644258950772
  -0.681528040285749   0.213830802123827
  -0.710620945279925   0.072263087133881
  -0.710620945279925  -0.072263087133880
  -0.681528040285749  -0.213830802123827
  -0.624533297246130  -0.346644258950772
  -0.541970087637708  -0.465266059087301
  -0.437218558962616  -0.564839812098356
  -0.314567251112596  -0.641288956836244
  -0.179037523041944  -0.691483656333003
  -0.036177977741938  -0.713368933693609
   0.108162698217555  -0.706048803091508
   0.248075180603443  -0.669822951533629
   0.377831435947830  -0.606174469639108
   0.492119227911205  -0.517709133735086
   0.586259600862340  -0.408048725067709
   0.656398436871593  -0.281682753652370
   0.699664243751781  -0.143784657206187
   0.857142857142857                   0
   0.845452545773762   0.141081077383486
   0.810700492886258   0.278313830746871
   0.753834643891276   0.407954908317492
   0.676406150911194   0.526468039448287
   0.580527061393492   0.630620494862684
   0.468812706962080   0.717571267082167
   0.344310363988260   0.784948565704335
   0.210416131834971   0.830914513662283
   0.070782296119142   0.854215279720003
  -0.070782296119142   0.854215279720003
  -0.210416131834970   0.830914513662283
  -0.344310363988259   0.784948565704335
  -0.468812706962080   0.717571267082167
  -0.580527061393492   0.630620494862684
  -0.676406150911194   0.526468039448287
  -0.753834643891276   0.407954908317492
  -0.810700492886258   0.278313830746871
  -0.845452545773762   0.141081077383486
  -0.857142857142857   0.000000000000000
  -0.845452545773762  -0.141081077383486
  -0.810700492886258  -0.278313830746871
  -0.753834643891276  -0.407954908317491
  -0.676406150911195  -0.526468039448286
  -0.580527061393492  -0.630620494862684
  -0.468812706962080  -0.717571267082167
  -0.344310363988259  -0.784948565704335
  -0.210416131834971  -0.830914513662283
  -0.070782296119142  -0.854215279720003
   0.070782296119142  -0.854215279720003
   0.210416131834970  -0.830914513662283
   0.344310363988259  -0.784948565704335
   0.468812706962080  -0.717571267082167
   0.580527061393492  -0.630620494862684
   0.676406150911195  -0.526468039448286
   0.753834643891276  -0.407954908317492
   0.810700492886258  -0.278313830746872
   0.845452545773762  -0.141081077383486
   1.000000000000000                   0
   0.989821441880933   0.142314838273285
   0.959492973614497   0.281732556841430
   0.909631995354518   0.415415013001886
   0.841253532831181   0.540640817455598
   0.755749574354258   0.654860733945285
   0.654860733945285   0.755749574354258
   0.540640817455598   0.841253532831181
   0.415415013001886   0.909631995354518
   0.281732556841430   0.959492973614497
   0.142314838273285   0.989821441880933
   0.000000000000000   1.000000000000000
  -0.142314838273285   0.989821441880933
  -0.281732556841430   0.959492973614497
  -0.415415013001886   0.909631995354518
  -0.540640817455597   0.841253532831181
  -0.654860733945285   0.755749574354258
  -0.755749574354258   0.654860733945285
  -0.841253532831181   0.540640817455598
  -0.909631995354518   0.415415013001887
  -0.959492973614497   0.281732556841430
  -0.989821441880933   0.142314838273285
  -1.000000000000000   0.000000000000001
  -0.989821441880933  -0.142314838273285
  -0.959492973614497  -0.281732556841429
  -0.909631995354518  -0.415415013001886
  -0.841253532831181  -0.540640817455598
  -0.755749574354258  -0.654860733945285
  -0.654860733945285  -0.755749574354258
  -0.540640817455597  -0.841253532831181
  -0.415415013001887  -0.909631995354518
  -0.281732556841430  -0.959492973614497
  -0.142314838273285  -0.989821441880933
  -0.000000000000000  -1.000000000000000
   0.142314838273285  -0.989821441880933
   0.281732556841429  -0.959492973614497
   0.415415013001886  -0.909631995354519
   0.540640817455598  -0.841253532831181
   0.654860733945285  -0.755749574354259
   0.755749574354258  -0.654860733945286
   0.841253532831181  -0.540640817455597
   0.909631995354518  -0.415415013001887
   0.959492973614497  -0.281732556841430
   0.989821441880933  -0.142314838273285